627 2 1
628 3 0
629 3 1
630 3 1
631 3 2
632 3 2
831 4 0
832 4 1
833 4 1
834 4 2
835 4 2
836 4 2
837 4 2
838 4 3
839 4 3
840 4 3
841 4 3
842 4 3
843 4 3
844 4 3
845 4 3
846 4 4
847 4 4
848 4 4
849 4 4
850 4 4
851 4 4
852 4 4
853 4 4
854 4 4
855 4 4
856 4 4
857 4 4
858 4 4
859 4 4
860 4 4
861 4 4
862 4 4
863 4 4
864 4 4
865 4 4
866 4 4
867 4 4
868 4 4
869 4 4
870 4 4
871 4 4
872 4 4
873 4 4
874 4 4
875 4 4
876 4 4
877 4 4
878 4 4
879 4 4
880 4 4
881 4 4
882 4 4
883 4 4
884 4 4
885 4 4
886 4 4
887 4 4
888 4 4
889 4 4
890 4 4
891 4 4
892 4 4
893 4 4
894 4 4
895 4 4
896 4 4
897 4 4
898 4 4
899 4 4
900 4 4
901 4 4
902 4 4
903 4 4
904 4 4
905 4 4
906 4 4
907 4 4
908 4 4
909 4 4
910 4 4
911 4 4
912 4 4
913 4 4
914 4 4
915 4 4
916 4 4
917 4 4
918 4 4
919 4 4
920 4 4
921 4 4
922 4 4
923 4 4
924 4 4
925 4 4
926 4 4
927 4 4
928 4 4
929 4 4
930 4 4
931 4 4
932 4 4
933 4 4
934 4 4
935 4 4
936 4 4
937 4 4
938 4 4
939 4 4
940 4 4
941 4 4
942 4 4
943 4 4
944 4 4
945 4 4
946 4 4
947 4 4
948 4 4
949 4 4
950 4 4
951 4 4
952 4 4
953 4 4
954 4 4
955 4 4
956 4 4
957 4 4
958 4 4
959 4 4
960 4 4
961 4 4
962 4 4
963 4 4
964 4 4
965 4 4
966 4 4
967 4 4
968 4 4
969 4 4
970 4 4
971 4 4
972 4 4
973 4 4
974 4 4
975 4 4
976 4 4
977 4 4
978 4 4
979 4 4
980 4 4
981 4 4
982 4 4
983 4 4
984 4 4
985 4 4
986 4 4
987 4 4
988 4 4
989 4 4
990 4 4
991 4 4
992 4 4
993 4 4
994 4 4
995 4 4
996 4 4
997 4 4
998 4 4
999 4 4
1000 4 4
1001 4 4
1002 4 4
1003 4 4
1004 4 4
1005 4 4
1006 4 4
1007 4 4
1008 4 4
1009 4 4
1010 4 4
1011 4 4
1012 4 4
1013 4 4
1014 4 4
1015 4 4
1016 4 4
1017 4 4
1018 4 4
1019 4 4
1020 4 4
1021 4 4
1022 4 4
1023 4 4
1024 4 4
1025 4 4
1026 4 4
1027 4 4
1028 4 4
1029 4 4
1030 4 4
1031 4 4
1032 4 4
1033 4 4
1034 4 4
1035 4 4
1036 4 4
1037 4 4
1038 5 0
1039 5 1
1040 5 1
1041 5 2
1042 5 2
1043 5 2
1044 5 2
1045 5 3
1046 5 3
1047 5 3
1048 5 3
1049 5 3
1050 5 3
1051 5 3
1052 5 3
1053 4 4
1054 4 4
1055 4 4
1056 4 4
1057 4 4
1058 4 4
1059 4 4
1060 4 4
1061 4 4
1062 4 4
1063 4 4
1064 4 4
1065 4 4
1066 4 4
1067 4 4
1068 4 4
1069 5 4
1070 5 4
1071 5 4
1072 5 4
1073 5 4
1074 5 4
1075 5 4
1076 5 4
1077 5 4
1078 5 4
1079 5 4
1080 5 4
1081 5 4
1082 5 4
1083 5 4
1084 5 4
1085 4 4
1086 4 4
1087 4 4
1088 4 4
1089 4 4
1090 4 4
1091 4 4
1092 4 4
1093 4 4
1094 4 4
1095 4 4
1096 4 4
1097 4 4
1098 4 4
1099 4 4
1100 4 4
1101 5 4
1102 5 4
1103 5 4
1104 5 4
1105 5 4
1106 5 4
1107 5 4
1108 5 4
1109 5 4
1110 5 4
1111 5 4
1112 5 4
1113 5 4
1114 5 4
1115 5 4
1116 5 4
1117 4 4
1118 4 4
1119 4 4
1120 4 4
1121 4 4
1122 4 4
1123 4 4
1124 4 4
1125 4 4
1126 4 4
1127 4 4
1128 4 4
1129 4 4
1130 4 4
1131 4 4
1132 4 4
1133 5 4
1134 5 4
1135 5 4
1136 5 4
1137 5 4
1138 5 4
1139 5 4
1140 5 4
1141 5 4
1142 5 4
1143 5 4
1144 5 4
1145 5 4
1146 5 4
1147 5 4
1148 5 4
1149 4 4
1150 4 4
1151 4 4
1152 4 4
1153 4 4
1154 4 4
1155 4 4
1156 4 4
1157 4 4
1158 4 4
1159 4 4
1160 4 4
1161 4 4
1162 4 4
1163 4 4
1164 4 4
1165 5 4
1166 5 4
1167 5 4
1168 5 4
1169 5 4
1170 5 4
1171 5 4
1172 5 4
1173 5 4
1174 5 4
1175 5 4
1176 5 4
1177 5 4
1178 5 4
1179 5 4
1180 5 4
1181 4 4
1182 4 4
1183 4 4
1184 4 4
1185 4 4
1186 4 4
1187 4 4
1188 4 4
1189 4 4
1190 4 4
1191 4 4
1192 4 4
1193 4 4
1194 4 4
1195 4 4
1196 4 4
1197 5 4
1198 5 4
1199 5 4
1200 5 4
1201 5 4
1202 5 4
1203 5 4
1204 5 4
1205 5 4
1206 5 4
1207 5 4
1208 5 4
1209 5 4
1210 5 4
1211 5 4
1212 5 4
1213 4 4
1214 4 4
1215 4 4
1216 4 4
1217 4 4
1218 4 4
1219 4 4
1220 4 4
1221 4 4
1222 4 4
1223 4 4
1224 4 4
1225 4 4
1226 4 4
1227 4 4
1228 4 4
1229 5 4
1230 5 4
1231 5 4
1232 5 4
1233 5 4
1234 5 4
1235 5 4
1236 5 4
1237 5 4
1238 5 4
1239 5 4
1240 5 4
1241 5 4
1242 5 4
1243 5 4
1244 5 4
1245 6 0
1246 6 1
1247 6 1
1248 6 2
1249 6 2
1250 6 2
1251 6 2
1252 6 3
1253 6 3
1254 6 3
1255 6 3
1256 6 3
1257 6 3
1258 6 3
1259 6 3
1260 4 4
1261 4 4
1262 4 4
1263 4 4
1264 4 4
1265 4 4
1266 4 4
1267 4 4
1268 4 4
1269 4 4
1270 4 4
1271 4 4
1272 4 4
1273 4 4
1274 4 4
1275 4 4
1276 5 4
1277 5 4
1278 5 4
1279 5 4
1280 5 4
1281 5 4
1282 5 4
1283 5 4
1284 5 4
1285 5 4
1286 5 4
1287 5 4
1288 5 4
1289 5 4
1290 5 4
1291 5 4
1292 6 4
1293 6 4
1294 6 4
1295 6 4
1296 6 4
1297 6 4
1298 6 4
1299 6 4
1300 6 4
1301 6 4
1302 6 4
1303 6 4
1304 6 4
1305 6 4
1306 6 4
1307 6 4
1308 4 4
1309 4 4
1310 4 4
1311 4 4
1312 4 4
1313 4 4
1314 4 4
1315 4 4
1316 4 4
1317 4 4
1318 4 4
1319 4 4
1320 4 4
1321 4 4
1322 4 4
1323 4 4
1324 5 4
1325 5 4
1326 5 4
1327 5 4
1328 5 4
1329 5 4
1330 5 4
1331 5 4
1332 5 4
1333 5 4
1334 5 4
1335 5 4
1336 5 4
1337 5 4
1338 5 4
1339 5 4
1340 6 4
1341 6 4
1342 6 4
1343 6 4
1344 6 4
1345 6 4
1346 6 4
1347 6 4
1348 6 4
1349 6 4
1350 6 4
1351 6 4
1352 6 4
1353 6 4
1354 6 4
1355 6 4
1356 4 4
1357 4 4
1358 4 4
1359 4 4
1360 4 4
1361 4 4
1362 4 4
1363 4 4
1364 4 4
1365 4 4
1366 4 4
1367 4 4
1368 4 4
1369 4 4
1370 4 4
1371 4 4
1372 5 4
1373 5 4
1374 5 4
1375 5 4
1376 5 4
1377 5 4
1378 5 4
1379 5 4
1380 5 4
1381 5 4
1382 5 4
1383 5 4
1384 5 4
1385 5 4
1386 5 4
1387 5 4
1388 6 4
1389 6 4
1390 6 4
1391 6 4
1392 6 4
1393 6 4
1394 6 4
1395 6 4
1396 6 4
1397 6 4
1398 6 4
1399 6 4
1400 6 4
1401 6 4
1402 6 4
1403 6 4
1404 4 4
1405 4 4
1406 4 4
1407 4 4
1408 4 4
1409 4 4
1410 4 4
1411 4 4
1412 4 4
1413 4 4
1414 4 4
1415 4 4
1416 4 4
1417 4 4
1418 4 4
1419 4 4
1420 5 4
1421 5 4
1422 5 4
1423 5 4
1424 5 4
1425 5 4
1426 5 4
1427 5 4
1428 5 4
1429 5 4
1430 5 4
1431 5 4
1432 5 4
1433 5 4
1434 5 4
1435 5 4
1436 6 4
1437 6 4
1438 6 4
1439 6 4
1440 6 4
1441 6 4
1442 6 4
1443 6 4
1444 6 4
1445 6 4
1446 6 4
1447 6 4
1448 6 4
1449 6 4
1450 6 4
1451 6 4
1452 7 0
1453 7 1
1454 7 1
1455 7 2
1456 7 2
1457 7 2
1458 7 2
1459 7 3
1460 7 3
1461 7 3
1462 7 3
1463 7 3
1464 7 3
1465 7 3
1466 7 3
1467 4 0
1468 4 1
1469 4 1
1470 4 2
1471 4 2
1472 4 2
1473 4 2
1474 4 3
1475 4 3
1476 4 3
1477 4 3
1478 4 3
1479 4 3
1480 4 3
1481 4 3
1482 5 0
1483 5 1
1484 5 1
1485 5 2
1486 5 2
1487 5 2
1488 5 2
1489 5 3
1490 5 3
1491 5 3
1492 5 3
1493 5 3
1494 5 3
1495 5 3
1496 5 3
1497 6 0
1498 6 1
1499 6 1
1500 6 2
1501 6 2
1502 6 2
1503 6 2
1504 6 3
1505 6 3
1506 6 3
1507 6 3
1508 6 3
1509 6 3
1510 6 3
1511 6 3
1512 7 0
1513 7 1
1514 7 1
1515 7 2
1516 7 2
1517 7 2
1518 7 2
1519 7 3
1520 7 3
1521 7 3
1522 7 3
1523 7 3
1524 7 3
1525 7 3
1526 7 3
1527 4 0
1528 4 1
1529 4 1
1530 4 2
1531 4 2
1532 4 2
1533 4 2
1534 4 3
1535 4 3
1536 4 3
1537 4 3
1538 4 3
1539 4 3
1540 4 3
1541 4 3
1542 5 0
1543 5 1
1544 5 1
1545 5 2
1546 5 2
1547 5 2
1548 5 2
1549 5 3
1550 5 3
1551 5 3
1552 5 3
1553 5 3
1554 5 3
1555 5 3
1556 5 3
1557 6 0
1558 6 1
1559 6 1
1560 6 2
1561 6 2
1562 6 2
1563 6 2
1564 6 3
1565 6 3
1566 6 3
1567 6 3
1568 6 3
1569 6 3
1570 6 3
1571 6 3
1572 7 0
1573 7 1
1574 7 1
1575 7 2
1576 7 2
1577 7 2
1578 7 2
1579 7 3
1580 7 3
1581 7 3
1582 7 3
1583 7 3
1584 7 3
1585 7 3
1586 7 3
1587 4 0
1588 4 1
1589 4 1
1590 4 2
1591 4 2
1592 4 2
1593 4 2
1594 4 3
1595 4 3
1596 4 3
1597 4 3
1598 4 3
1599 4 3
1600 4 3
1601 4 3
1602 5 0
1603 5 1
1604 5 1
1605 5 2
1606 5 2
1607 5 2
1608 5 2
1609 5 3
1610 5 3
1611 5 3
1612 5 3
1613 5 3
1614 5 3
1615 5 3
1616 5 3
1617 6 0
1618 6 1
1619 6 1
1620 6 2
1621 6 2
1622 6 2
1623 6 2
1624 6 3
1625 6 3
1626 6 3
1627 6 3
1628 6 3
1629 6 3
1630 6 3
1631 6 3
1632 7 0
1633 7 1
1634 7 1
1635 7 2
1636 7 2
1637 7 2
1638 7 2
1639 7 3
1640 7 3
1641 7 3
1642 7 3
1643 7 3
1644 7 3
1645 7 3
1646 7 3
1647 4 0
1648 4 1
1649 4 1
1650 4 2
1651 4 2
1652 4 2
1653 4 2
1654 8 0
1655 8 1
1656 8 1
1657 8 2
1658 8 2
1659 8 2
1660 8 2
1661 5 0
1662 5 1
1663 5 1
1664 5 2
1665 5 2
1666 5 2
1667 5 2
1668 4 3
1669 4 3
1670 4 3
1671 4 3
1672 4 3
1673 4 3
1674 4 3
1675 4 3
1676 6 0
1677 6 1
1678 6 1
1679 6 2
1680 6 2
1681 6 2
1682 6 2
1683 8 3
1684 8 3
1685 8 3
1686 8 3
1687 8 3
1688 8 3
1689 8 3
1690 8 3
1691 7 0
1692 7 1
1693 7 1
1694 7 2
1695 7 2
1696 7 2
1697 7 2
1698 5 3
1699 5 3
1700 5 3
1701 5 3
1702 5 3
1703 5 3
1704 5 3
1705 5 3
1706 6 3
1707 6 3
1708 6 3
1709 6 3
1710 6 3
1711 6 3
1712 6 3
1713 6 3
1714 7 3
1715 7 3
1716 7 3
1717 7 3
1718 7 3
1719 7 3
1720 7 3
1721 7 3
1722 4 0
1723 4 1
1724 4 1
1725 4 2
1726 4 2
1727 4 2
1728 4 2
1729 4 3
1730 4 3
1731 4 3
1732 4 3
1733 4 3
1734 4 3
1735 4 3
1736 4 3
1737 8 0
1738 8 1
1739 8 1
1740 8 2
1741 8 2
1742 8 2
1743 8 2
1744 8 3
1745 8 3
1746 8 3
1747 8 3
1748 8 3
1749 8 3
1750 8 3
1751 8 3
1752 5 0
1753 5 1
1754 5 1
1755 5 2
1756 5 2
1757 5 2
1758 5 2
1759 6 0
1760 6 1
1761 6 1
1762 6 2
1763 6 2
1764 6 2
1765 6 2
1766 7 0
1767 7 1
1768 7 1
1769 7 2
1770 7 2
1771 7 2
1772 7 2
1773 5 3
1774 5 3
1775 5 3
1776 5 3
1777 5 3
1778 5 3
1779 5 3
1780 5 3
1781 4 0
1782 4 1
1783 4 1
1784 4 2
1785 4 2
1786 4 2
1787 4 2
1788 6 3
1789 6 3
1790 6 3
1791 6 3
1792 6 3
1793 6 3
1794 6 3
1795 6 3
1796 8 0
1797 8 1
1798 8 1
1799 8 2
1800 8 2
1801 8 2
1802 8 2
1803 7 3
1804 7 3
1805 7 3
1806 7 3
1807 7 3
1808 7 3
1809 7 3
1810 7 3
1811 4 3
1812 4 3
1813 4 3
1814 4 3
1815 4 3
1816 4 3
1817 4 3
1818 4 3
1819 8 3
1820 8 3
1821 8 3
1822 8 3
1823 8 3
1824 8 3
1825 8 3
1826 8 3
1827 5 0
1828 5 1
1829 5 1
1830 5 2
1831 5 2
1832 5 2
1833 5 2
1834 5 3
1835 5 3
1836 5 3
1837 5 3
1838 5 3
1839 5 3
1840 5 3
1841 5 3
1842 6 0
1843 6 1
1844 6 1
1845 6 2
1846 6 2
1847 6 2
1848 6 2
1849 6 3
1850 6 3
1851 6 3
1852 6 3
1853 6 3
1854 6 3
1855 6 3
1856 6 3
1857 9 0
1858 7 0
1859 9 1
1860 9 1
1861 7 1
1862 7 1
1863 4 0
1864 4 1
1865 4 1
1866 9 2
1867 9 2
1868 9 2
1869 9 2
1870 8 1
1871 8 1
1872 7 2
1873 7 2
1874 7 2
1875 7 2
1876 4 2
1877 4 2
1878 4 2
1879 4 2
1880 8 2
1881 8 2
1882 8 2
1883 8 2
1884 5 2
1885 5 2
1886 5 2
1887 5 2
1888 9 3
1889 9 3
1890 9 3
1891 9 3
1892 9 3
1893 9 3
1894 9 3
1895 9 3
1896 7 3
1897 7 3
1898 7 3
1899 7 3
1900 7 3
1901 7 3
1902 7 3
1903 7 3
1904 6 0
1905 6 1
1906 6 1
1907 6 2
1908 6 2
1909 6 2
1910 6 2
1911 4 3
1912 4 3
1913 4 3
1914 4 3
1915 4 3
1916 4 3
1917 4 3
1918 4 3
1919 8 3
1920 8 3
1921 8 3
1922 8 3
1923 8 3
1924 8 3
1925 8 3
1926 8 3
1927 5 3
1928 5 3
1929 5 3
1930 5 3
1931 5 3
1932 5 3
1933 5 3
1934 5 3
1935 6 3
1936 6 3
1937 6 3
1938 6 3
1939 6 3
1940 6 3
1941 6 3
1942 6 3
1943 9 0
1944 9 1
1945 9 1
1946 7 2
1947 7 2
1948 7 2
1949 7 2
1950 9 2
1951 9 2
1952 9 2
1953 9 2
1954 7 3
1955 7 3
1956 7 3
1957 7 3
1958 7 3
1959 7 3
1960 7 3
1961 7 3
1962 4 1
1963 4 1
1964 4 2
1965 4 2
1966 4 2
1967 4 2
1968 9 3
1969 9 3
1970 9 3
1971 9 3
1972 9 3
1973 9 3
1974 9 3
1975 9 3
1976 8 0
1977 8 1
1978 8 1
1979 5 0
1980 5 1
1981 5 1
1982 8 2
1983 8 2
1984 8 2
1985 8 2
1986 6 1
1987 6 1
1988 5 2
1989 5 2
1990 5 2
1991 5 2
1992 6 2
1993 6 2
1994 6 2
1995 6 2
1996 4 3
1997 4 3
1998 4 3
1999 4 3
2000 4 3
2001 4 3
2002 4 3
2003 4 3
2004 7 2
2005 7 2
2006 7 2
2007 7 2
2008 8 3
2009 8 3
2010 8 3
2011 8 3
2012 8 3
2013 8 3
2014 8 3
2015 8 3
2016 5 3
2017 5 3
2018 5 3
2019 5 3
2020 5 3
2021 5 3
2022 5 3
2023 5 3
2024 9 0
2025 9 1
2026 9 1
2027 9 2
2028 9 2
2029 9 2
2030 9 2
2031 6 3
2032 6 3
2033 6 3
2034 6 3
2035 6 3
2036 6 3
2037 6 3
2038 6 3
2039 7 3
2040 7 3
2041 7 3
2042 7 3
2043 7 3
2044 7 3
2045 7 3
2046 7 3
2047 4 1
2048 4 1
2049 4 2
2050 4 2
2051 4 2
2052 4 2
2053 9 3
2054 9 3
2055 9 3
2056 9 3
2057 9 3
2058 9 3
2059 9 3
2060 9 3
2061 10 0
2062 8 0
2063 10 1
2064 10 1
2065 8 1
2066 8 1
2067 5 1
2068 5 1
2069 10 2
2070 10 2
2071 10 2
2072 10 2
2073 8 2
2074 8 2
2075 8 2
2076 8 2
2077 5 2
2078 5 2
2079 5 2
2080 5 2
2081 6 2
2082 6 2
2083 6 2
2084 6 2
2085 4 3
2086 4 3
2087 4 3
2088 4 3
2089 4 3
2090 4 3
2091 4 3
2092 4 3
2093 7 0
2094 7 1
2095 7 1
2096 7 2
2097 7 2
2098 7 2
2099 7 2
2100 10 3
2101 10 3
2102 10 3
2103 10 3
2104 10 3
2105 10 3
2106 10 3
2107 10 3
2108 9 0
2109 9 1
2110 9 1
2111 9 2
2112 9 2
2113 9 2
2114 9 2
2115 8 3
2116 8 3
2117 8 3
2118 8 3
2119 8 3
2120 8 3
2121 8 3
2122 8 3
2123 5 2
2124 5 2
2125 5 2
2126 5 2
2127 6 2
2128 6 2
2129 6 2
2130 6 2
2131 7 3
2132 7 3
2133 7 3
2134 7 3
2135 7 3
2136 7 3
2137 7 3
2138 7 3
2139 4 0
2140 4 1
2141 4 1
2142 4 2
2143 4 2
2144 4 2
2145 4 2
2146 9 3
2147 9 3
2148 9 3
2149 9 3
2150 9 3
2151 9 3
2152 9 3
2153 9 3
2154 10 0
2155 10 1
2156 10 1
2157 10 2
2158 10 2
2159 10 2
2160 10 2
2161 5 3
2162 5 3
2163 5 3
2164 5 3
2165 5 3
2166 5 3
2167 5 3
2168 5 3
2169 8 0
2170 8 1
2171 8 1
2172 8 2
2173 8 2
2174 8 2
2175 8 2
2176 6 0
2177 6 1
2178 6 1
2179 6 2
2180 6 2
2181 6 2
2182 6 2
2183 7 0
2184 7 1
2185 7 1
2186 7 2
2187 7 2
2188 7 2
2189 7 2
2190 4 0
2191 4 1
2192 4 1
2193 4 2
2194 4 2
2195 4 2
2196 4 2
2197 9 1
2198 9 1
2199 9 2
2200 9 2
2201 9 2
2202 9 2
2203 10 2
2204 10 2
2205 10 2
2206 10 2
2207 8 3
2208 8 3
2209 8 3
2210 8 3
2211 8 3
2212 8 3
2213 8 3
2214 8 3
2215 5 0
2216 5 1
2217 5 1
2218 5 2
2219 5 2
2220 5 2
2221 5 2
2222 6 3
2223 6 3
2224 6 3
2225 6 3
2226 6 3
2227 6 3
2228 6 3
2229 6 3
2230 7 3
2231 7 3
2232 7 3
2233 7 3
2234 7 3
2235 7 3
2236 7 3
2237 7 3
2238 4 3
2239 4 3
2240 4 3
2241 4 3
2242 4 3
2243 4 3
2244 4 3
2245 4 3
2246 9 1
2247 9 1
2248 9 2
2249 9 2
2250 9 2
2251 9 2
2252 10 0
2253 10 1
2254 10 1
2255 10 2
2256 10 2
2257 10 2
2258 10 2
2259 8 0
2260 8 1
2261 8 1
2262 11 0
2263 11 1
2264 11 1
2265 5 1
2266 5 1
2267 8 2
2268 8 2
2269 8 2
2270 8 2
2271 11 2
2272 11 2
2273 11 2
2274 11 2
2275 6 0
2276 6 1
2277 6 1
2278 5 2
2279 5 2
2280 5 2
2281 5 2
2282 7 0
2283 7 1
2284 7 1
2285 6 2
2286 6 2
2287 6 2
2288 6 2
2289 4 1
2290 4 1
2291 7 2
2292 7 2
2293 7 2
2294 7 2
2295 9 1
2296 9 1
2297 4 2
2298 4 2
2299 4 2
2300 4 2
2301 9 2
2302 9 2
2303 9 2
2304 9 2
2305 10 0
2306 10 1
2307 10 1
2308 10 2
2309 10 2
2310 10 2
2311 10 2
2312 8 3
2313 8 3
2314 8 3
2315 8 3
2316 8 3
2317 8 3
2318 8 3
2319 8 3
2320 11 0
2321 11 1
2322 11 1
2323 11 2
2324 11 2
2325 11 2
2326 11 2
2327 5 0
2328 5 1
2329 5 1
2330 5 2
2331 5 2
2332 5 2
2333 5 2
2334 6 0
2335 6 1
2336 6 1
2337 7 2
2338 7 2
2339 7 2
2340 7 2
2341 6 2
2342 6 2
2343 6 2
2344 6 2
2345 4 0
2346 4 1
2347 4 1
2348 9 1
2349 9 1
2350 4 2
2351 4 2
2352 4 2
2353 4 2
2354 9 2
2355 9 2
2356 9 2
2357 9 2
2358 10 0
2359 10 1
2360 10 1
2361 10 2
2362 10 2
2363 10 2
2364 10 2
2365 8 0
2366 8 1
2367 8 1
2368 8 2
2369 8 2
2370 8 2
2371 8 2
2372 11 0
2373 11 1
2374 11 1
2375 11 2
2376 11 2
2377 11 2
2378 11 2
2379 5 0
2380 5 1
2381 5 1
2382 5 2
2383 5 2
2384 5 2
2385 5 2
2386 7 0
2387 7 1
2388 7 1
2389 6 0
2390 6 1
2391 6 1
2392 7 2
2393 7 2
2394 7 2
2395 7 2
2396 6 2
2397 6 2
2398 6 2
2399 6 2
2400 4 0
2401 9 1
2402 9 1
2403 4 1
2404 4 1
2405 9 2
2406 9 2
2407 9 2
2408 9 2
2409 10 0
2410 10 1
2411 10 1
2412 4 2
2413 4 2
2414 4 2
2415 4 2
2416 8 0
2417 8 1
2418 8 1
2419 10 2
2420 10 2
2421 10 2
2422 10 2
2423 11 0
2424 11 1
2425 11 1
2426 8 2
2427 8 2
2428 8 2
2429 8 2
2430 5 0
2431 5 1
2432 5 1
2433 11 2
2434 11 2
2435 11 2
2436 11 2
2437 5 2
2438 5 2
2439 5 2
2440 5 2
2441 7 0
2442 7 1
2443 7 1
2444 6 0
2445 6 1
2446 6 1
2447 7 2
2448 7 2
2449 7 2
2450 7 2
2451 6 2
2452 6 2
2453 6 2
2454 6 2
2455 9 0
2456 9 1
2457 9 1
2458 4 2
2460 9 2
2461 9 2
2462 9 2
2463 9 2
2464 12 0
2465 12 1
2466 12 1
2467 10 0
2468 10 1
2469 10 1
2470 12 2
2471 12 2
2472 12 2
2473 12 2
2474 8 0
2475 8 1
2476 8 1
2477 10 2
2478 10 2
2479 10 2
2480 10 2
2481 11 0
2482 11 1
2483 11 1
2484 5 1
2485 5 1
2486 8 2
2487 8 2
2488 8 2
2489 8 2
2490 11 2
2491 11 2
2492 11 2
2493 11 2
2494 7 1
2495 7 1
2496 5 2
2497 5 2
2498 5 2
2499 5 2
2500 6 0
2501 6 1
2502 6 1
2503 7 2
2504 7 2
2505 7 2
2506 7 2
2507 9 1
2508 9 1
2509 6 2
2510 6 2
2511 6 2
2512 6 2
2513 9 2
2514 9 2
2515 9 2
2516 9 2
2517 12 1
2518 12 1
2519 12 2
2520 12 2
2521 12 2
2522 12 2
2523 10 2
2524 10 2
2525 10 2
2526 10 2
2527 8 3
2528 8 3
2529 8 3
2530 8 3
2531 8 3
2532 8 3
2533 8 3
2534 8 3
2535 11 3
2536 11 3
2537 11 3
2538 11 3
2539 11 3
2540 11 3
2541 11 3
2542 11 3
2543 5 1
2544 5 1
2545 5 2
2546 5 2
2547 5 2
2548 5 2
2549 7 2
2550 7 2
2551 7 2
2552 7 2
2553 6 3
2554 6 3
2555 6 3
2556 6 3
2557 6 3
2558 6 3
2559 6 3
2560 6 3
2561 9 0
2562 9 1
2563 9 1
2564 9 2
2565 9 2
2566 9 2
2567 9 2
2568 12 0
2569 12 1
2570 12 1
2571 10 0
2572 10 1
2573 10 1
2574 12 2
2575 12 2
2576 12 2
2577 12 2
2578 8 1
2579 8 1
2580 10 2
2581 10 2
2582 10 2
2583 10 2
2584 8 2
2585 8 2
2586 8 2
2587 8 2
2588 11 0
2589 11 1
2590 11 1
2591 5 2
2592 5 2
2593 5 2
2594 5 2
2595 11 2
2596 11 2
2597 11 2
2598 11 2
2599 7 0
2600 7 1
2601 7 1
2602 7 2
2603 7 2
2604 7 2
2605 7 2
2606 6 0
2607 6 1
2608 6 1
2609 6 2
2610 6 2
2611 6 2
2612 6 2
2613 9 0
2614 9 1
2615 9 1
2616 9 2
2617 9 2
2618 9 2
2619 9 2
2620 12 2
2621 12 2
2622 12 2
2623 12 2
2624 10 3
2625 10 3
2626 10 3
2627 10 3
2628 10 3
2629 10 3
2630 10 3
2631 10 3
2632 8 0
2633 8 1
2634 8 1
2635 8 2
2636 8 2
2637 8 2
2638 8 2
2639 5 0
2640 5 1
2641 5 1
2642 11 1
2643 11 1
2644 5 2
2645 5 2
2646 5 2
2647 5 2
2648 11 2
2649 11 2
2650 11 2
2651 11 2
2652 7 0
2653 7 1
2654 7 1
2655 6 2
2656 6 2
2657 6 2
2658 6 2
2659 7 2
2660 7 2
2661 7 2
2662 7 2
2663 9 1
2664 9 1
2665 9 2
2666 9 2
2667 9 2
2668 9 2
2669 12 0
2670 12 1
2671 12 1
2672 12 2
2673 12 2
2674 12 2
2675 12 2
2676 10 0
2677 10 1
2678 10 1
2679 10 2
2680 10 2
2681 10 2
2682 10 2
2683 8 0
2684 8 1
2685 8 1
2686 8 2
2687 8 2
2688 8 2
2689 8 2
2690 5 2
2691 5 2
2692 5 2
2693 5 2
2694 11 2
2695 11 2
2696 11 2
2697 11 2
2698 6 3
2699 6 3
2700 6 3
2701 6 3
2702 6 3
2703 6 3
2704 6 3
2705 6 3
2706 7 1
2707 7 1
2708 7 2
2709 7 2
2710 7 2
2711 7 2
2712 9 1
2713 9 1
2714 9 2
2715 9 2
2716 9 2
2717 9 2
2718 12 2
2719 12 2
2720 12 2
2721 12 2
2722 10 3
2723 10 3
2724 10 3
2725 10 3
2726 10 3
2727 10 3
2728 10 3
2729 10 3
2730 8 3
2731 8 3
2732 8 3
2733 8 3
2734 8 3
2735 8 3
2736 8 3
2737 8 3
2738 5 0
2739 5 1
2740 5 1
2741 11 1
2742 11 1
2743 5 2
2744 5 2
2745 5 2
2746 5 2
2747 11 2
2748 11 2
2749 11 2
2750 11 2
2751 6 0
2752 6 1
2753 6 1
2754 7 2
2755 7 2
2756 7 2
2757 7 2
2758 6 2
2759 6 2
2760 6 2
2761 6 2
2762 9 0
2763 9 1
2764 9 1
2765 12 1
2766 12 1
2767 9 2
2768 9 2
2769 9 2
2770 9 2
2771 12 2
2772 12 2
2773 12 2
2774 12 2
2775 10 0
2776 10 1
2777 10 1
2778 10 2
2779 10 2
2780 10 2
2781 10 2
2782 8 0
2783 8 1
2784 8 1
2785 8 2
2786 8 2
2787 8 2
2788 8 2
2789 5 2
2790 5 2
2791 5 2
2792 5 2
2793 11 2
2794 11 2
2795 11 2
2796 11 2
2797 7 3
2798 7 3
2799 7 3
2800 7 3
2801 7 3
2802 7 3
2803 7 3
2804 7 3
2805 6 1
2806 6 1
2807 6 2
2808 6 2
2809 6 2
2810 6 2
2811 9 3
2812 9 3
2813 9 3
2814 9 3
2815 9 3
2816 9 3
2817 9 3
2818 9 3
2819 12 0
2820 12 1
2821 12 1
2822 12 2
2823 12 2
2824 12 2
2825 12 2
2826 10 0
2827 10 1
2828 10 1
2829 10 2
2830 10 2
2831 10 2
2832 10 2
2833 8 0
2834 8 1
2835 8 1
2836 5 1
2837 5 1
2838 8 2
2839 8 2
2840 8 2
2841 8 2
2842 11 0
2843 11 1
2844 11 1
2845 5 2
2846 5 2
2847 5 2
2848 5 2
2849 7 0
2850 7 1
2851 7 1
2852 11 2
2853 11 2
2854 11 2
2855 11 2
2856 6 0
2857 6 1
2858 6 1
2859 7 2
2860 7 2
2861 7 2
2862 7 2
2863 9 0
2864 9 1
2865 9 1
2866 6 2
2867 6 2
2868 6 2
2869 6 2
2870 12 0
2871 12 1
2872 12 1
2873 9 2
2874 9 2
2875 9 2
2876 9 2
2877 10 0
2878 10 1
2879 10 1
2880 12 2
2881 12 2
2882 12 2
2883 12 2
2884 10 2
2885 10 2
2886 10 2
2887 10 2
2888 8 0
2889 8 1
2890 8 1
2891 5 2
2892 5 2
2893 5 2
2894 5 2
2895 8 2
2896 8 2
2897 8 2
2898 8 2
2899 11 1
2900 11 1
2901 11 2
2902 11 2
2903 11 2
2904 11 2
2905 7 2
2906 7 2
2907 7 2
2908 7 2
2909 6 3
2910 6 3
2911 6 3
2912 6 3
2913 6 3
2914 6 3
2915 6 3
2916 6 3
2917 9 3
2918 9 3
2919 9 3
2920 9 3
2921 9 3
2922 9 3
2923 9 3
2924 9 3
2925 12 3
2926 12 3
2927 12 3
2928 12 3
2930 10 2
2931 10 2
2932 10 2
2933 10 2
2934 5 3
2935 5 3
2936 5 3
2937 5 3
2938 5 3
2939 5 3
2940 5 3
2941 5 3
2942 8 1
2943 8 1
2944 8 2
2945 8 2
2946 8 2
2947 8 2
2948 11 1
2949 11 1
2950 11 2
2951 11 2
2952 11 2
2953 11 2
2954 7 0
2955 7 1
2956 7 1
2957 7 2
2958 7 2
2959 7 2
2960 7 2
2961 6 0
2962 6 1
2963 6 1
2964 6 2
2965 6 2
2966 6 2
2967 6 2
2968 9 1
2969 9 1
2970 9 2
2971 9 2
2972 9 2
2973 9 2
2974 10 3
2975 10 3
2976 10 3
2977 10 3
2978 10 3
2979 10 3
2980 10 3
2981 10 3
2982 8 3
2983 8 3
2984 8 3
2985 8 3
2986 8 3
2987 8 3
2988 8 3
2989 8 3
2990 5 0
2991 5 1
2992 5 1
2993 5 2
2994 5 2
2995 5 2
2996 5 2
2997 11 1
2998 11 1
2999 11 2
3000 11 2
3001 11 2
3002 11 2
3003 7 2
3004 7 2
3005 7 2
3006 7 2
3007 6 3
3008 6 3
3009 6 3
3010 6 3
3011 6 3
3012 6 3
3013 6 3
3014 6 3
3015 9 3
3016 9 3
3017 9 3
3018 9 3
3019 9 3
3020 9 3
3021 9 3
3022 9 3
3023 5 3
3024 5 3
3025 5 3
3026 5 3
3027 5 3
3028 5 3
3029 5 3
3030 5 3
3031 10 0
3032 10 1
3033 10 1
3034 8 0
3035 8 1
3036 8 1
3037 10 2
3038 10 2
3039 10 2
3040 10 2
3041 8 2
3042 8 2
3043 8 2
3044 8 2
3045 11 2
3046 11 2
3047 11 2
3048 11 2
3049 7 2
3050 7 2
3051 7 2
3052 7 2
3053 10 3
3054 10 3
3055 10 3
3056 10 3
3057 10 3
3058 10 3
3059 10 3
3060 10 3
3061 6 0
3062 6 1
3063 6 1
3064 6 2
3065 6 2
3066 6 2
3067 6 2
3068 9 0
3069 9 1
3070 9 1
3071 9 2
3072 9 2
3073 9 2
3074 9 2
3075 5 0
3076 5 1
3077 5 1
3078 5 2
3079 5 2
3080 5 2
3081 5 2
3082 8 3
3083 8 3
3084 8 3
3085 8 3
3086 8 3
3087 8 3
3088 8 3
3089 8 3
3090 11 3
3091 11 3
3092 11 3
3093 11 3
3094 11 3
3095 11 3
3096 11 3
3097 11 3
3098 7 0
3099 7 1
3100 7 1
3101 7 2
3102 7 2
3103 7 2
3104 7 2
3105 10 0
3106 10 1
3107 10 1
3108 10 2
3109 10 2
3110 10 2
3111 10 2
3112 6 0
3113 6 1
3114 6 1
3115 6 2
3116 6 2
3117 6 2
3118 6 2
3119 9 0
3120 9 1
3121 9 1
3122 9 2
3123 9 2
3124 9 2
3125 9 2
3126 5 0
3127 5 1
3128 5 1
3129 5 2
3130 5 2
3131 5 2
3132 5 2
3133 8 1
3134 8 1
3135 8 2
3136 8 2
3137 8 2
3138 8 2
3139 7 3
3140 7 3
3141 7 3
3142 7 3
3143 7 3
3144 7 3
3145 7 3
3146 7 3
3147 11 0
3148 11 1
3149 11 1
3150 11 2
3151 11 2
3152 11 2
3153 11 2
3154 10 2
3155 10 2
3156 10 2
3157 10 2
3158 6 3
3159 6 3
3160 6 3
3161 6 3
3162 6 3
3163 6 3
3164 6 3
3165 6 3
3166 9 3
3167 9 3
3168 9 3
3169 9 3
3170 9 3
3171 9 3
3172 9 3
3173 9 3
3174 5 3
3175 5 3
3176 5 3
3177 5 3
3178 5 3
3179 5 3
3180 5 3
3181 5 3
3182 8 1
3183 8 1
3184 8 2
3185 8 2
3186 8 2
3187 8 2
3188 11 3
3189 11 3
3190 11 3
3191 11 3
3192 11 3
3193 11 3
3194 11 3
3195 7 0
3196 7 1
3197 7 1
3198 7 2
3199 7 2
3200 7 2
3201 7 2
3202 10 0
3203 10 1
3204 10 1
3205 10 2
3206 10 2
3207 10 2
3208 10 2
3209 6 1
3210 6 1
3211 6 2
3212 6 2
3213 6 2
3214 6 2
3215 8 3
3216 8 3
3217 8 3
3218 8 3
3219 8 3
3220 8 3
3221 8 3
3222 8 3
3223 9 0
3224 9 1
3225 9 1
3226 5 0
3227 5 1
3228 5 1
3229 9 2
3230 9 2
3231 9 2
3232 9 2
3233 5 2
3234 5 2
3235 5 2
3236 5 2
3237 7 3
3238 7 3
3239 7 3
3240 7 3
3241 7 3
3242 7 3
3243 7 3
3244 7 3
3245 10 3
3246 10 3
3247 10 3
3248 10 3
3249 10 3
3250 10 3
3251 10 3
3252 10 3
3253 6 3
3254 6 3
3255 6 3
3256 6 3
3257 6 3
3258 6 3
3259 6 3
3260 6 3
3261 9 3
3262 9 3
3263 9 3
3264 9 3
3265 9 3
3266 9 3
3267 9 3
3268 9 3
3269 8 0
3270 8 1
3271 8 1
3272 8 2
3273 8 2
3274 8 2
3275 8 2
3276 5 3
3277 5 3
3278 5 3
3279 5 3
3280 5 3
3281 5 3
3282 5 3
3283 5 3
3284 8 3
3285 8 3
3286 8 3
3287 8 3
3288 8 3
3289 8 3
3290 8 3
3291 8 3
3292 7 0
3293 7 1
3294 7 1
3295 10 2
3296 10 2
3297 10 2
3298 10 2
3299 7 2
3300 7 2
3301 7 2
3302 7 2
3303 6 2
3304 6 2
3305 6 2
3306 6 2
3307 10 3
3308 10 3
3309 10 3
3310 10 3
3311 10 3
3312 10 3
3313 10 3
3314 10 3
3315 9 0
3316 9 1
3317 9 1
3318 9 2
3319 9 2
3320 9 2
3321 9 2
3322 7 3
3323 7 3
3324 7 3
3325 7 3
3326 7 3
3327 7 3
3328 7 3
3329 7 3
3330 5 0
3331 5 1
3332 5 1
3333 5 2
3334 5 2
3335 5 2
3336 5 2
3337 8 0
3338 8 1
3339 8 1
3340 8 2
3341 8 2
3342 8 2
3343 8 2
3344 6 3
3345 6 3
3346 6 3
3347 6 3
3348 6 3
3349 6 3
3350 6 3
3351 6 3
3352 9 3
3353 9 3
3354 9 3
3355 9 3
3356 9 3
3357 9 3
3358 9 3
3359 9 3
3360 10 0
3361 10 1
3362 10 1
3363 10 2
3364 10 2
3365 10 2
3366 5 3
3367 5 3
3368 5 3
3369 5 3
3370 5 3
3371 5 3
3372 5 3
3373 5 3
3374 7 0
3375 7 1
3376 7 1
3377 7 2
3378 7 2
3379 7 2
3380 7 2
3381 8 3
3382 8 3
3383 8 3
3384 8 3
3385 8 3
3386 8 3
3387 8 3
3388 8 3
3389 7 3
3390 7 3
3391 7 3
3392 7 3
3393 7 3
3394 7 3
3395 7 3
3396 7 3
3397 6 0
3398 6 1
3399 6 1
3400 6 2
3401 6 2
3402 6 2
3403 6 2
3404 9 0
3405 9 1
3406 9 1
3407 9 2
3408 9 2
3409 9 2
3410 9 2
3411 6 3
3412 6 3
3413 6 3
3414 6 3
3415 6 3
3416 6 3
3417 6 3
3418 6 3
3419 5 0
3420 5 1
3421 5 1
3422 5 2
3423 5 2
3424 5 2
3425 5 2
3426 9 3
3427 9 3
3428 9 3
3429 9 3
3430 9 3
3431 9 3
3432 9 3
3433 9 3
3434 8 0
3435 8 1
3436 8 1
3437 8 2
3438 8 2
3439 8 2
3440 8 2
3441 7 0
3442 7 1
3443 7 1
3444 7 2
3445 7 2
3446 7 2
3447 7 2
3448 5 3
3449 5 3
3450 5 3
3451 8 3
3452 8 3
3453 8 3
3454 8 3
3455 8 3
3456 8 3
3457 8 3
3458 8 3
3459 7 3
3460 7 3
3461 7 3
3462 7 3
3463 7 3
3464 7 3
3465 7 3
3466 7 3
3467 6 0
3468 6 1
3469 6 1
3470 6 2
3471 6 2
3472 6 2
3473 6 2
3474 6 3
3475 6 3
3476 6 3
3477 6 3
3478 6 3
3479 6 3
3480 6 3
3481 6 3
3482 9 0
3483 9 1
3485 8 4
3486 8 4
3487 8 4
3488 8 4
3489 8 4
3490 8 4
3491 8 4
3492 8 4
3493 8 4
3494 8 4
3495 7 4
3496 7 4
3497 7 4
3498 7 4
3499 7 4
3500 7 4
3501 7 4
3502 7 4
3503 7 4
3504 7 4
3505 7 4
3506 7 4
3507 7 4
3508 7 4
3509 7 4
3510 7 4
3511 6 4
3512 6 4
3513 6 4
3514 6 4
3515 6 4
3516 6 4
3517 6 4
3518 6 4
3519 6 4
3520 6 4
3521 6 4
3522 6 4
3523 6 4
3524 6 4
3525 6 4
3526 6 4
3527 7 4
3528 7 4
3529 7 4
3530 7 4
3531 7 4
3532 7 4
3533 7 4
3534 7 4
3535 7 4
3536 7 4
3537 7 4
3538 7 4
3539 7 4
3540 7 4
3541 7 4
3542 7 4
3543 6 4
3544 6 4
3545 6 4
3546 6 4
3547 6 4
3548 7 4
3549 7 4